My ion CT pro/tec_code/CODG1310.09I
     1.0            IONOSPHERE MAPS     GNSS                IONEX VERSION / TYPE
ADDNEQ2 V5.1        AIUB                15-MAY-09 19:49     PGM / RUN BY / DATE 
CODE'S GLOBAL IONOSPHERE MAPS FOR DAY 131, 2009             COMMENT             
Global ionosphere maps (GIM) are generated on a daily basis DESCRIPTION         
at CODE using data from about 150 GPS sites of the IGS and  DESCRIPTION         
other institutions. The vertical total electron content     DESCRIPTION         
(VTEC) is modeled in a solar-geomagnetic reference frame    DESCRIPTION         
using a spherical harmonics expansion up to degree and      DESCRIPTION         
order 15. Piece-wise linear functions are used for          DESCRIPTION         
representation in the time domain. The time spacing of      DESCRIPTION         
their vertices is 2 hours, conforming with the epochs of    DESCRIPTION         
the VTEC maps. Instrumental biases, so-called differential  DESCRIPTION         
P1-P2 code biases (DCB), for all GPS satellites and ground  DESCRIPTION         
stations are estimated as constant values for each day,     DESCRIPTION         
simultaneously with the 13 times 256, or 3328 parameters    DESCRIPTION         
used to represent the global VTEC distribution. The DCB     DESCRIPTION         
datum is defined by a zero-mean condition imposed on the    DESCRIPTION         
satellite bias estimates. P1-C1 bias corrections are taken  DESCRIPTION         
into account if needed. To convert line-of-sight TEC into   DESCRIPTION         
vertical TEC, a modified single-layer model mapping         DESCRIPTION         
function approximating the JPL extended slab model mapping  DESCRIPTION         
function is adopted. The mapping function is evaluated at   DESCRIPTION         
geodetic satellite elevation angles. For the computation of DESCRIPTION         
the ionospheric pierce points, a spherical layer with a     DESCRIPTION         
radius of 6821 km is assumed, implying geocentric, not      DESCRIPTION         
geodetic IONEX latitudes.                                   DESCRIPTION         
Note: These GIM results correspond to the results for the   DESCRIPTION         
middle day of a 3-day combination analysis solving for 37   DESCRIPTION         
times 256, or 9472 VTEC parameters and one common set of    DESCRIPTION         
satellite and 24-hour receiver DCB constants.               DESCRIPTION         
Contact address: stefan.schaer or code @aiub.unibe.ch       DESCRIPTION         
Web site:        http://www.aiub.unibe.ch/ionosphere/       DESCRIPTION         
Data archive:    ftp://ftp.unibe.ch/aiub/CODE/              DESCRIPTION         
                 http://www.aiub.unibe.ch/download/CODE/    DESCRIPTION         
  2009     5    11     0     0     0                        EPOCH OF FIRST MAP  
  2009     5    12     0     0     0                        EPOCH OF LAST MAP   
  7200                                                      INTERVAL            
    13                                                      # OF MAPS IN FILE   
  NONE                                                      MAPPING FUNCTION    
    10.0                                                    ELEVATION CUTOFF    
One-way carrier phase leveled to code                       OBSERVABLES USED    
[...]
bor1 braz brft brmu brst brus bue1 bue2 cagl cagz cas1 ccjm COMMENT             
cedu chat chpi chti cnmr coco conz cpxf crar cro1 ctwn daej COMMENT             
dav1 dgar drao dubo ebre eil1 eil2 eprt faa1 fair flin flrs COMMENT             
func ganp glps glsv gode godz gold gope gras graz guam guat COMMENT             
harb hers hert hnpt hob2 hofn holb holm hrao hrm1 hrm2 hyde COMMENT             
iddr ieng iisc ilha ineg invk irkj joz2 joze karr kely kerg COMMENT             
khaj khar kir0 kiru kit3 kokb kosg kour lama lhaz lpal lpgs COMMENT             
madr mal2 mana mas1 mat1 mate maui maw1 mbar mccj mcil mcm4 COMMENT             
mdo1 mdvj medi mets metz mizu mkea mnls mobs monp morp mtka COMMENT             
nano nico nist nisu nklg nlib not1 novm nrc1 nrmd nssp ntus COMMENT             
nurk nya1 ohi2 ohi3 onsa opmt osn1 osn2 pado park pdel penc COMMENT             
pert pie1 pimo pol2 pots pove prds pre1 pre2 ptbb qaq1 qui1 COMMENT             
qui2 quin rabt ramo rcmn recf reso reyk rio2 rosa salu sant COMMENT             
savo sch2 scor scub sele sey1 sfer shao sofi spt0 ssia stjo COMMENT             
str2 sunm suth suwn sydn syog tah1 tah2 thti thu2 thu3 tid1 COMMENT             
tidb tlse tn22 tow2 tro1 tsea tskb twtf txes uclu ufpr unb3 COMMENT             
unbj unbn unbt unsa urum usn3 usno usud vesl vill vtsp wab1 COMMENT             
wab2 wdc3 wdc4 wes2 will wsrt wtza wtzj wtzr wtzs wtzz wuhn COMMENT             
xmis yar2 yar3 yell zeck zim2 zimj zimm zwe2                COMMENT             
                                                            END OF HEADER       
[from data line 2574]
     7                                                      START OF TEC MAP    
  2009     5    11    12     0     0                        EPOCH OF CURRENT MAP
    87.5-180.0 180.0   5.0 450.0                            LAT/LON1/LON2/DLON/H
   85   85   85   85   86   86   86   86   86   86   86   86   87   87   87   87
   87   87   87   87   87   88   88   88   88   88   88   88   88   88   88   88
   88   88   88   88   88   88   87   87   87   87   87   87   87   87   86   86
   86   86   86   86   86   85   85   85   85   85   85   85   85   85   84   84
   84   84   85   85   85   85   85   85   85
    85.0-180.0 180.0   5.0 450.0                            LAT/LON1/LON2/DLON/H
   80   80   81   81   81   81   82   82   82   82   82   82   82   82   82   82
   82   82   83   83   83   84   84   85   85   86   86   86   87   87   87   87
   86   86   86   86   85   85   85   84   84   84   83   83   83   83   83   83
   83   83   83   83   82   82   82   81   81   80   80   79   79   79   78   78
   78   78   78   78   79   79   79   80   80
    82.5-180.0 180.0   5.0 450.0                            LAT/LON1/LON2/DLON/H
   73   74   75   75   75   76   76   76   75   75   75   75   74   74   74   74
   74   74   75   75   76   77   78   79   80   81   82   83   84   84   84   84
   84   83   83   82   81   80   80   79   79   78   78   78   79   79   80   80
   81   81   81   81   81   80   79   78   77   76   75   73   72   71   70   69
   69   69   69   70   70   71   72   72   73
    80.0-180.0 180.0   5.0 450.0                            LAT/LON1/LON2/DLON/H
   66   67   68   69   69   69   69   69   69   68   67   66   66   65   65   64
   64   65   65   66   67   69   71   73   74   76   78   79   81   81   82   82
   81   80   79   78   76   75   74   73   72   72   73   73   74   76   77   79
   80   81   82   82   82   81   80   78   76   73   70   68   65   63   61   59
   59   58   59   59   60   62   63   65   66
    77.5-180.0 180.0   5.0 450.0                            LAT/LON1/LON2/DLON/H
   59   61   62   63   63   63   63   63   62   61   60   59   58   58   57   56
   56   56   57   58   59   61   63   66   69   71   74   76   78   79   80   80
   79   78   76   74   72   70   69   68   67   67   67   69   71   73   76   79
   82   84   86   87   87   86   84   81   77   73   68   63   59   55   52   50
   49   48   49   50   51   53   55   57   59
    75.0-180.0 180.0   5.0 450.0                            LAT/LON1/LON2/DLON/H
   53   55   57   57   58   58   58   57   57   56   55   55   54   53   52   51
   51   50   51   51   53   55   57   61   64   68   71   74   77   79   79   79
   79   77   75   72   70   67   65   64   63   63   64   66   68   72   76   81
   85   89   92   94   94   93   90   86   80   74   68   62   56   51   47   43
   42   41   41   42   44   46   49   51   53
    72.5-180.0 180.0   5.0 450.0                            LAT/LON1/LON2/DLON/H
   50   51   52   53   53   53   53   53   53   53   53   52   52   52   51   51
   50   49   49   49   50   52   54   57   61   65   70   73   77   79   80   80
   79   77   75   72   69   66   64   62   61   61   62   64   67   72   77   83
   89   94   98  100  101   99   96   91   85   77   70   62   56   50   45   41
   38   37   37   38   40   43   45   48   50
    70.0-180.0 180.0   5.0 450.0                            LAT/LON1/LON2/DLON/H
   48   48   48   48   48   47   47   48   49   50   51   52   53   53   54   53
   53   52   51   50   50   51   53   56   60   65   70   74   78   80   82   82
   81   79   76   74   71   68   65   63   62   61   62   64   67   71   77   83
   90   96  101  104  105  104  100   95   88   80   72   65   58   52   47   43
   41   39   39   39   41   43   45   46   48
    67.5-180.0 180.0   5.0 450.0                            LAT/LON1/LON2/DLON/H
   48   47   46   44   42   41   41   42   44   46   49   52   54   56   57   57
   57   56   55   54   53   53   55   57   61   66   71   75   79   82   84   84
   83   81   79   76   73   70   68   66   64   63   63   64   66   70   75   81
   88   94  100  103  104  103  100   95   89   82   75   69   63   58   54   50
   48   46   44   44   45   46   47   48   48
    65.0-180.0 180.0   5.0 450.0                            LAT/LON1/LON2/DLON/H
   50   47   44   40   37   35   35   36   38   42   45   49   53   56   59   61
   61   61   60   59   57   57   57   59   63   67   72   77   81   84   86   87
   86   84   81   79   76   73   71   69   67   66   65   65   66   68   72   77
   83   89   94   98   99   99   96   92   87   82   78   74   70   67   64   61
   58   56   54   52   52   52   52   51   50
    62.5-180.0 180.0   5.0 450.0                            LAT/LON1/LON2/DLON/H
   53   48   43   37   33   30   28   29   32   35   40   44   49   54   58   61
   63   64   64   62   61   60   60   62   65   69   74   79   83   86   88   89
   88   86   84   81   79   77   75   73   71   70   68   66   66   67   69   72
   77   82   86   90   91   91   90   87   84   82   80   79   78   78   76   74
   71   67   64   62   60   59   58   56   53
    60.0-180.0 180.0   5.0 450.0                            LAT/LON1/LON2/DLON/H
   58   52   44   37   30   26   24   24   25   29   33   37   42   47   53   58
   61   64   65   64   63   63   63   64   67   71   75   80   84   87   89   90
   89   88   85   83   81   80   79   77   76   74   72   69   67   66   67   68
   71   75   79   81   83   84   83   83   82   82   83   85   87   88   88   86
   82   78   74   71   68   67   65   62   58
    57.5-180.0 180.0   5.0 450.0                            LAT/LON1/LON2/DLON/H
   63   56   47   38   31   25   22   21   21   23   26   29   33   39   45   51
   57   61   64   64   64   64   64   66   68   72   76   80   84   87   89   90
   90   88   87   85   83   83   82   82   81   79   77   74   71   68   67   67
   69   71   74   76   78   79   80   81   83   85   88   92   95   97   98   96
   92   87   82   78   75   74   72   69   63
    55.0-180.0 180.0   5.0 450.0                            LAT/LON1/LON2/DLON/H
   69   62   52   43   34   28   24   22   21   21   21   23   25   30   36   44
   51   57   61   63   64   64   65   67   70   73   76   79   82   85   87   89
   89   88   87   86   86   86   86   87   87   86   83   80   77   73   71   70
   70   71   73   75   78   80   82   85   88   91   95   99  103  105  105  102
   98   92   86   82   80   79   77   75   69
    52.5-180.0 180.0   5.0 450.0                            LAT/LON1/LON2/DLON/H
   74   67   58   49   42   36   31   28   25   23   21   20   21   24   30   38
   46   53   58   61   63   64   66   68   71   74   76   78   80   82   85   86
   88   88   88   88   89   90   92   93   94   94   92   89   85   81   78   76
   75   76   78   80   83   86   90   94   98  101  105  108  110  111  110  106
  101   94   88   84   82   81   81   79   74
    50.0-180.0 180.0   5.0 450.0                            LAT/LON1/LON2/DLON/H
   78   72   65   57   51   46   42   39   35   30   26   23   22   24   29   36
   44   52   57   61   63   65   67   70   73   75   76   77   78   79   81   84
   86   88   90   92   94   97  100  102  104  104  102   99   95   91   87   85
   84   85   87   90   93   97  102  107  111  114  116  117  117  115  112  108
  101   94   88   84   82   82   82   81   78
    47.5-180.0 180.0   5.0 450.0                            LAT/LON1/LON2/DLON/H
   78   74   69   64   61   58   55   52   47   42   36   31   29   29   33   39
   47   54   59   62   64   66   69   73   76   77   77   76   75   76   78   81
   84   88   92   96  101  106  110  113  115  116  114  111  106  102   98   95
   95   96   98  102  106  111  116  122  126  128  127  125  123  119  114  108
  102   94   88   83   81   81   81   81   78
    45.0-180.0 180.0   5.0 450.0                            LAT/LON1/LON2/DLON/H
   76   73   71   69   69   69   67   65   60   55   49   44   40   40   42   47
   53   59   63   65   67   69   72   76   79   81   79   77   75   74   76   79
   84   90   96  103  110  117  122  126  128  128  126  123  118  112  108  106
  106  108  111  114  119  124  130  135  139  140  138  133  128  122  116  110
  103   95   88   83   80   79   78   77   76
    42.5-180.0 180.0   5.0 450.0                            LAT/LON1/LON2/DLON/H
   70   69   69   71   73   76   76   75   71   66   61   57   54   53   54   57
   62   66   69   71   71   73   77   81   84   85   83   79   76   75   77   81
   86   94  103  112  121  129  135  139  141  141  138  134  129  123  119  117
  118  120  123  127  131  135  141  146  149  149  146  140  133  126  120  113
  106   99   91   84   79   76   74   72   70
    40.0-180.0 180.0   5.0 450.0                            LAT/LON1/LON2/DLON/H
   63   63   65   69   73   78   80   80   77   74   71   68   66   65   65   67
   71   74   76   77   77   78   82   86   90   90   88   83   80   79   80   85
   92  101  111  123  134  143  149  153  154  153  150  146  141  135  131  130
  131  133  136  139  141  145  149  152  155  154  151  145  138  131  125  119
  112  104   95   86   79   73   69   65   63
    37.5-180.0 180.0   5.0 450.0                            LAT/LON1/LON2/DLON/H
   56   56   59   64   70   75   78   79   78   77   76   75   75   74   74   75
   78   81   83   84   84   85   88   92   95   95   93   89   85   85   87   92
  100  110  122  135  147  156  161  164  164  163  161  158  154  150  147  145
  147  149  151  152  153  153  155  157  158  157  154  148  142  136  131  125
  119  111  101   90   80   71   64   59   56
    35.0-180.0 180.0   5.0 450.0                            LAT/LON1/LON2/DLON/H
   51   50   53   58   63   69   72   74   74   74   75   77   79   79   79   79
   82   86   89   90   90   91   93   97  100  100   97   94   92   93   97  103
  112  123  135  148  159  168  172  174  174  174  173  172  171  169  167  166
  167  169  170  169  166  163  161  161  160  159  155  151  146  141  137  132
  126  117  107   95   82   71   62   55   51
    32.5-180.0 180.0   5.0 450.0                            LAT/LON1/LON2/DLON/H
   49   47   49   53   57   61   64   66   67   68   71   75   78   79   79   79
   82   88   93   95   96   96   98  100  102  102  100   99   99  103  108  116
  125  136  149  161  171  178  181  182  182  184  186  189  191  192  192  193
  194  194  193  189  183  177  171  167  164  161  158  153  149  145  142  137
  131  123  112   99   86   73   62   54   49
    30.0-180.0 180.0   5.0 450.0                            LAT/LON1/LON2/DLON/H
   51   49   49   50   53   55   57   58   59   61   65   69   73   75   75   76
   80   87   94   98  100  100  101  102  103  102  101  102  106  112  120  129
  139  150  162  173  182  188  190  190  191  195  201  208  215  220  222  224
  224  223  220  214  205  195  186  178  172  167  161  157  152  148  144  140
  134  126  116  103   90   77   66   57   51
    27.5-180.0 180.0   5.0 450.0                            LAT/LON1/LON2/DLON/H
   57   54   53   52   52   52   53   54   55   56   59   64   68   70   70   71
   76   84   93   99  101  101  102  102  102  101  101  104  111  120  131  141
  152  163  174  185  192  197  198  200  202  208  218  229  240  248  254  256
  256  253  248  240  229  217  205  194  184  175  167  160  154  149  145  140
  134  127  118  106   94   82   72   63   57
    25.0-180.0 180.0   5.0 450.0                            LAT/LON1/LON2/DLON/H
   66   62   60   58   56   54   53   54   54   55   56   59   63   65   66   67
   71   80   90   97  100  101  100  100   99   98   99  104  115  127  140  151
  162  173  184  194  202  206  209  211  216  225  237  250  264  275  282  285
  284  280  273  265  253  241  227  213  199  186  174  163  155  148  142  137
  132  126  118  109   99   89   79   71   66
    22.5-180.0 180.0   5.0 450.0                            LAT/LON1/LON2/DLON/H
   74   71   69   66   62   59   58   58   58   58   57   58   61   63   63   63
   67   76   86   94   97   97   97   97   96   95   97  105  118  133  147  159
  170  181  192  203  211  217  222  226  233  243  255  270  284  296  303  306
  304  299  292  283  273  261  247  232  215  198  181  166  154  145  138  132
  128  123  117  111  103   94   86   79   74
    20.0-180.0 180.0   5.0 450.0                            LAT/LON1/LON2/DLON/H
   80   78   76   74   70   66   65   65   65   63   60   59   61   62   62   62
   64   72   81   88   91   92   93   93   92   92   96  107  122  139  153  165
  175  186  198  210  220  229  236  243  252  261  273  284  296  307  314  316
  314  307  300  293  285  275  262  247  228  207  185  166  151  140  132  127
  123  120  116  111  105   98   91   85   80
    17.5-180.0 180.0   5.0 450.0                            LAT/LON1/LON2/DLON/H
   83   82   81   79   75   72   71   72   73   70   65   62   62   64   63   62
   62   68   76   82   85   87   88   90   90   92   98  111  128  145  159  170
  179  190  203  216  230  242  252  261  270  278  286  293  300  307  313  314
  311  305  298  292  287  280  269  254  234  210  186  163  145  133  126  122
  119  116  113  110  106  100   93   87   83
    15.0-180.0 180.0   5.0 450.0                            LAT/LON1/LON2/DLON/H
   82   81   82   81   78   75   75   77   78   75   69   65   64   65   65   62
   61   65   71   76   79   82   84   87   91   95  104  118  136  153  166  176
  184  194  207  222  238  253  266  277  285  290  293  294  295  298  301  302
  298  292  286  282  279  275  266  253  233  208  181  156  138  126  120  117
  115  113  110  107  104   99   92   86   82
    12.5-180.0 180.0   5.0 450.0                            LAT/LON1/LON2/DLON/H
   77   77   79   79   76   73   74   78   80   77   71   66   65   66   65   62
   60   62   67   72   76   78   82   87   93  101  112  129  147  164  175  183
  190  200  213  229  246  263  277  287  293  295  293  288  283  281  283  283
  279  273  268  265  264  261  254  242  223  198  171  146  128  118  114  113
  112  109  106  103   99   95   88   82   77
    10.0-180.0 180.0   5.0 450.0                            LAT/LON1/LON2/DLON/H
   72   71   73   73   71   68   69   73   77   75   69   64   64   65   64   61
   58   60   65   71   75   78   83   90   98  109  123  142  161  176  186  193
  200  208  219  235  252  268  281  289  293  292  285  275  266  261  261  261
  258  253  248  245  244  242  235  224  206  183  157  134  118  110  109  109
  108  105  100   96   93   89   83   76   72
     7.5-180.0 180.0   5.0 450.0                            LAT/LON1/LON2/DLON/H
   67   65   66   67   64   60   61   66   71   70   66   61   60   62   61   58
   56   59   65   72   77   81   86   94  104  118  136  156  175  190  199  206
  211  218  227  240  254  268  277  282  282  279  270  259  248  241  241  242
  240  235  230  226  224  220  213  201  184  164  141  120  107  101  102  104
  103   99   93   88   85   82   78   72   67
     5.0-180.0 180.0   5.0 450.0                            LAT/LON1/LON2/DLON/H
   64   62   62   61   57   53   53   58   63   64   60   56   56   57   57   54
   54   58   67   76   82   86   91   99  111  127  148  169  188  203  213  219
  224  228  234  243  253  262  267  266  263  258  250  240  229  224  224  226
  225  220  215  210  205  199  189  176  161  143  124  107   96   93   95   97
   96   91   84   79   77   76   74   69   64
     2.5-180.0 180.0   5.0 450.0                            LAT/LON1/LON2/DLON/H
   64   61   60   58   54   48   47   51   56   58   55   52   51   52   52   50
   51   57   68   80   88   93   97  105  117  135  157  180  199  214  224  232
  236  238  239  243  248  251  249  244  237  232  227  220  213  210  212  214
  214  209  203  196  189  178  166  152  139  124  108   94   85   84   86   89
   88   83   76   71   70   72   72   69   64
