My ion CT pro/tec_code/CODG1310.09I
     1.0            IONOSPHERE MAPS     GNSS                IONEX VERSION / TYPE
ADDNEQ2 V5.1        AIUB                15-MAY-09 19:49     PGM / RUN BY / DATE 
CODE'S GLOBAL IONOSPHERE MAPS FOR DAY 131, 2009             COMMENT             
Global ionosphere maps (GIM) are generated on a daily basis DESCRIPTION         
at CODE using data from about 150 GPS sites of the IGS and  DESCRIPTION         
other institutions. The vertical total electron content     DESCRIPTION         
(VTEC) is modeled in a solar-geomagnetic reference frame    DESCRIPTION         
using a spherical harmonics expansion up to degree and      DESCRIPTION         
order 15. Piece-wise linear functions are used for          DESCRIPTION         
representation in the time domain. The time spacing of      DESCRIPTION         
their vertices is 2 hours, conforming with the epochs of    DESCRIPTION         
the VTEC maps. Instrumental biases, so-called differential  DESCRIPTION         
P1-P2 code biases (DCB), for all GPS satellites and ground  DESCRIPTION         
stations are estimated as constant values for each day,     DESCRIPTION         
simultaneously with the 13 times 256, or 3328 parameters    DESCRIPTION         
used to represent the global VTEC distribution. The DCB     DESCRIPTION         
datum is defined by a zero-mean condition imposed on the    DESCRIPTION         
satellite bias estimates. P1-C1 bias corrections are taken  DESCRIPTION         
into account if needed. To convert line-of-sight TEC into   DESCRIPTION         
vertical TEC, a modified single-layer model mapping         DESCRIPTION         
function approximating the JPL extended slab model mapping  DESCRIPTION         
function is adopted. The mapping function is evaluated at   DESCRIPTION         
geodetic satellite elevation angles. For the computation of DESCRIPTION         
the ionospheric pierce points, a spherical layer with a     DESCRIPTION         
radius of 6821 km is assumed, implying geocentric, not      DESCRIPTION         
geodetic IONEX latitudes.                                   DESCRIPTION         
Note: These GIM results correspond to the results for the   DESCRIPTION         
middle day of a 3-day combination analysis solving for 37   DESCRIPTION         
times 256, or 9472 VTEC parameters and one common set of    DESCRIPTION         
satellite and 24-hour receiver DCB constants.               DESCRIPTION         
Contact address: stefan.schaer or code @aiub.unibe.ch       DESCRIPTION         
Web site:        http://www.aiub.unibe.ch/ionosphere/       DESCRIPTION         
Data archive:    ftp://ftp.unibe.ch/aiub/CODE/              DESCRIPTION         
                 http://www.aiub.unibe.ch/download/CODE/    DESCRIPTION         
  2009     5    11     0     0     0                        EPOCH OF FIRST MAP  
  2009     5    12     0     0     0                        EPOCH OF LAST MAP   
  7200                                                      INTERVAL            
    13                                                      # OF MAPS IN FILE   
  NONE                                                      MAPPING FUNCTION    
    10.0                                                    ELEVATION CUTOFF    
One-way carrier phase leveled to code                       OBSERVABLES USED    
[...]
bor1 braz brft brmu brst brus bue1 bue2 cagl cagz cas1 ccjm COMMENT             
cedu chat chpi chti cnmr coco conz cpxf crar cro1 ctwn daej COMMENT             
dav1 dgar drao dubo ebre eil1 eil2 eprt faa1 fair flin flrs COMMENT             
func ganp glps glsv gode godz gold gope gras graz guam guat COMMENT             
harb hers hert hnpt hob2 hofn holb holm hrao hrm1 hrm2 hyde COMMENT             
iddr ieng iisc ilha ineg invk irkj joz2 joze karr kely kerg COMMENT             
khaj khar kir0 kiru kit3 kokb kosg kour lama lhaz lpal lpgs COMMENT             
madr mal2 mana mas1 mat1 mate maui maw1 mbar mccj mcil mcm4 COMMENT             
mdo1 mdvj medi mets metz mizu mkea mnls mobs monp morp mtka COMMENT             
nano nico nist nisu nklg nlib not1 novm nrc1 nrmd nssp ntus COMMENT             
nurk nya1 ohi2 ohi3 onsa opmt osn1 osn2 pado park pdel penc COMMENT             
pert pie1 pimo pol2 pots pove prds pre1 pre2 ptbb qaq1 qui1 COMMENT             
qui2 quin rabt ramo rcmn recf reso reyk rio2 rosa salu sant COMMENT             
savo sch2 scor scub sele sey1 sfer shao sofi spt0 ssia stjo COMMENT             
str2 sunm suth suwn sydn syog tah1 tah2 thti thu2 thu3 tid1 COMMENT             
tidb tlse tn22 tow2 tro1 tsea tskb twtf txes uclu ufpr unb3 COMMENT             
unbj unbn unbt unsa urum usn3 usno usud vesl vill vtsp wab1 COMMENT             
wab2 wdc3 wdc4 wes2 will wsrt wtza wtzj wtzr wtzs wtzz wuhn COMMENT             
xmis yar2 yar3 yell zeck zim2 zimj zimm zwe2                COMMENT             
                                                            END OF HEADER       
[from data line 858]
     3                                                      START OF TEC MAP    
  2009     5    11     4     0     0                        EPOCH OF CURRENT MAP
    87.5-180.0 180.0   5.0 450.0                            LAT/LON1/LON2/DLON/H
   64   64   64   64   64   64   65   65   66   66   67   67   68   68   69   69
   70   70   70   71   71   71   72   72   72   72   72   72   72   72   72   72
   72   72   72   72   72   72   72   72   71   71   71   71   71   71   71   71
   71   71   70   70   70   70   69   69   69   68   68   68   67   67   66   66
   65   65   65   64   64   64   64   64   64
    85.0-180.0 180.0   5.0 450.0                            LAT/LON1/LON2/DLON/H
   60   60   60   60   60   61   61   62   64   65   66   67   68   70   71   72
   73   74   74   75   75   75   75   75   75   75   75   74   74   74   73   73
   73   73   73   73   73   73   73   73   73   74   74   74   74   75   75   75
   75   75   76   76   76   75   75   75   75   74   73   73   72   71   70   69
   68   66   65   64   63   62   61   60   60
    82.5-180.0 180.0   5.0 450.0                            LAT/LON1/LON2/DLON/H
   59   58   57   57   57   58   59   60   62   64   66   67   69   71   73   74
   76   77   77   78   78   78   77   77   76   75   74   73   72   72   71   71
   70   70   71   71   71   72   72   73   74   75   76   76   77   78   79   80
   81   82   83   84   85   85   86   86   86   86   85   85   84   82   81   79
   77   74   72   69   67   64   62   60   59
    80.0-180.0 180.0   5.0 450.0                            LAT/LON1/LON2/DLON/H
   62   60   58   57   57   58   59   60   61   63   65   67   69   71   73   75
   76   77   78   78   78   77   76   75   73   71   70   68   66   65   65   64
   65   65   66   67   68   69   70   72   73   75   76   78   80   82   84   86
   88   90   92   93   95   97   98  100  101  102  102  102  101  100   98   96
   93   89   85   81   77   72   68   65   62
    77.5-180.0 180.0   5.0 450.0                            LAT/LON1/LON2/DLON/H
   69   65   62   61   60   60   60   61   62   63   65   66   68   69   71   72
   74   75   75   76   75   74   72   70   68   65   62   60   58   57   56   56
   57   58   60   62   64   65   67   69   71   73   75   78   81   84   87   90
   93   97  100  103  105  108  111  113  116  118  120  121  122  122  120  118
  114  109  104   98   91   85   79   73   69
    75.0-180.0 180.0   5.0 450.0                            LAT/LON1/LON2/DLON/H
   78   73   69   67   65   64   64   64   64   64   64   64   65   65   66   67
   68   70   70   71   71   69   67   65   61   57   54   51   48   47   47   48
   50   52   55   57   60   62   64   66   68   70   73   76   80   84   89   93
   97  102  106  109  113  116  120  123  127  131  134  137  140  141  141  139
  135  130  123  116  107   99   91   84   78
    72.5-180.0 180.0   5.0 450.0                            LAT/LON1/LON2/DLON/H
   87   81   77   74   71   70   69   67   66   65   63   62   61   60   60   60
   61   62   64   65   65   64   62   59   55   51   46   42   40   39   39   41
   44   47   51   54   57   60   61   63   65   67   69   73   78   83   89   94
  100  105  109  113  116  119  123  126  131  136  141  146  150  153  155  154
  151  146  139  131  121  111  102   94   87
    70.0-180.0 180.0   5.0 450.0                            LAT/LON1/LON2/DLON/H
   93   87   83   80   77   76   74   71   69   66   63   60   57   55   53   53
   53   55   57   58   59   59   58   54   50   45   40   36   33   32   33   36
   40   44   49   53   56   57   59   59   60   62   65   69   75   81   88   94
  101  106  110  113  115  117  119  122  126  131  137  143  149  154  158  159
  157  153  146  138  128  118  109  100   93
    67.5-180.0 180.0   5.0 450.0                            LAT/LON1/LON2/DLON/H
   96   91   87   84   82   79   77   74   71   67   63   59   54   51   48   47
   47   48   50   52   54   54   53   51   47   41   36   31   28   28   29   32
   37   43   48   52   54   56   56   56   56   58   61   66   72   79   87   94
  100  105  108  110  110  110  110  111  114  118  124  130  137  144  149  151
  151  148  143  136  127  118  109  102   96
    65.0-180.0 180.0   5.0 450.0                            LAT/LON1/LON2/DLON/H
   94   90   87   85   83   80   78   75   71   67   63   58   54   49   46   43
   42   43   44   46   48   50   49   47   43   38   33   28   25   24   26   30
   35   41   46   50   52   53   53   53   53   55   59   64   71   78   86   93
   99  103  105  105  104  101   99   98   98  100  105  111  117  124  129  133
  134  133  129  124  117  111  104   99   94
    62.5-180.0 180.0   5.0 450.0                            LAT/LON1/LON2/DLON/H
   90   88   86   84   81   79   76   73   70   66   63   59   55   50   46   42
   40   39   39   41   42   44   44   43   40   35   30   26   23   22   24   27
   32   38   43   47   49   50   51   51   52   55   59   65   72   79   87   93
   98  101  102  101   97   93   89   85   84   84   86   90   95  100  105  109
  111  111  109  106  102   99   95   92   90
    60.0-180.0 180.0   5.0 450.0                            LAT/LON1/LON2/DLON/H
   86   85   84   82   79   76   72   69   67   64   62   60   56   53   48   44
   39   36   35   35   36   37   38   37   35   32   28   24   22   21   22   25
   29   34   38   42   45   47   48   51   54   58   64   70   77   83   89   94
   97   99   99   97   93   89   83   79   75   73   73   74   76   79   83   85
   87   88   88   87   87   86   86   86   86
    57.5-180.0 180.0   5.0 450.0                            LAT/LON1/LON2/DLON/H
   84   85   84   81   77   73   69   66   64   62   61   60   59   56   51   46
   40   35   31   30   29   30   31   31   30   28   26   24   22   20   20   22
   25   29   33   37   41   44   48   52   58   65   72   78   84   88   92   94
   96   97   97   95   93   89   84   79   75   71   69   67   66   66   67   68
   69   70   71   72   74   77   79   82   84
    55.0-180.0 180.0   5.0 450.0                            LAT/LON1/LON2/DLON/H
   87   88   87   84   79   74   69   65   63   62   61   61   60   58   54   48
   41   34   29   25   24   24   25   26   26   26   26   25   23   22   21   21
   22   25   28   32   37   42   48   56   65   74   82   89   93   95   95   94
   94   95   96   96   95   94   91   87   83   79   74   70   66   63   61   60
   60   61   62   65   69   73   78   83   87
    52.5-180.0 180.0   5.0 450.0                            LAT/LON1/LON2/DLON/H
   94   95   94   91   86   80   74   69   66   63   62   62   62   60   56   50
   43   35   28   23   21   20   21   23   25   26   27   28   27   25   23   22
   21   23   25   30   35   42   50   61   73   84   94  100  102  101   98   95
   93   94   96   99  101  102  102  100   97   93   88   82   76   70   66   63
   62   62   63   66   71   77   83   89   94
    50.0-180.0 180.0   5.0 450.0                            LAT/LON1/LON2/DLON/H
  103  105  104  101   96   90   84   78   73   69   66   65   63   61   57   52
   44   36   30   25   22   21   22   24   26   29   32   34   34   32   29   25
   23   24   26   30   35   43   53   66   80   94  104  110  110  106  100   96
   93   95   98  103  108  112  114  114  112  109  104   97   90   83   78   74
   71   71   72   74   79   86   93   99  103
    47.5-180.0 180.0   5.0 450.0                            LAT/LON1/LON2/DLON/H
  114  115  114  111  107  103   97   91   85   79   73   69   66   63   59   53
   47   40   34   30   28   27   28   29   32   35   39   42   42   40   36   31
   28   28   29   33   38   46   57   71   87  101  112  117  116  111  103   98
   96   98  103  109  116  121  124  126  125  122  117  111  104   97   92   88
   86   85   85   87   92   98  104  110  114
    45.0-180.0 180.0   5.0 450.0                            LAT/LON1/LON2/DLON/H
  123  123  121  120  118  116  112  106   99   91   83   76   71   66   62   57
   51   46   41   39   37   37   37   38   40   44   48   51   51   49   44   39
   35   34   35   38   43   50   61   75   91  106  117  122  120  114  107  102
  101  103  110  117  124  129  131  133  132  130  126  120  114  109  105  102
  100   99  100  102  105  111  116  120  123
    42.5-180.0 180.0   5.0 450.0                            LAT/LON1/LON2/DLON/H
  130  128  125  124  125  125  124  120  113  104   94   86   79   73   67   62
   57   53   51   50   49   49   49   48   49   52   56   59   59   57   52   46
   43   42   42   44   48   54   63   76   92  107  118  124  123  118  112  108
  108  112  118  125  131  134  135  135  134  132  129  125  121  117  115  114
  113  113  113  115  119  123  127  130  130
    40.0-180.0 180.0   5.0 450.0                            LAT/LON1/LON2/DLON/H
  135  130  126  125  127  129  131  129  123  115  106   97   89   82   76   70
   65   62   61   61   61   61   60   58   58   59   62   65   65   62   57   52
   49   49   49   51   52   56   64   76   91  106  118  123  124  121  118  117
  119  123  128  134  137  138  138  136  134  132  129  127  125  123  123  123
  124  124  125  128  131  136  139  139  135
    37.5-180.0 180.0   5.0 450.0                            LAT/LON1/LON2/DLON/H
  143  134  126  123  124  129  132  132  129  124  117  109  102   94   86   79
   74   70   69   70   71   71   68   65   64   64   67   69   68   65   60   56
   54   54   55   55   56   58   64   75   90  104  116  122  125  125  125  126
  129  133  138  142  143  143  141  138  136  134  133  132  131  132  133  134
  135  136  138  141  146  150  153  150  143
    35.0-180.0 180.0   5.0 450.0                            LAT/LON1/LON2/DLON/H
  155  141  129  122  122  125  129  131  131  129  125  121  114  106   97   88
   81   76   75   76   77   76   73   69   67   67   69   70   69   65   61   58
   57   58   58   58   57   58   63   73   87  102  113  121  125  128  131  134
  138  142  146  148  150  149  147  145  144  143  144  144  145  147  148  149
  150  151  154  158  164  169  171  166  155
    32.5-180.0 180.0   5.0 450.0                            LAT/LON1/LON2/DLON/H
  174  156  138  127  123  124  127  129  130  131  132  131  126  117  106   95
   86   80   77   77   78   77   74   70   68   68   69   70   68   64   60   57
   57   59   60   59   58   57   61   71   85   99  110  119  125  130  135  140
  143  147  150  153  156  157  157  158  159  161  164  166  169  171  172  173
  173  173  175  180  187  193  194  188  174
    30.0-180.0 180.0   5.0 450.0                            LAT/LON1/LON2/DLON/H
  201  179  157  140  131  129  128  129  131  134  138  139  135  126  113   99
   88   80   76   75   75   74   72   69   67   68   69   69   66   62   58   56
   57   59   60   59   57   56   59   68   82   95  107  116  123  130  136  140
  143  147  151  156  161  166  171  176  181  187  193  198  202  204  205  205
  203  202  204  208  214  221  223  217  201
    27.5-180.0 180.0   5.0 450.0                            LAT/LON1/LON2/DLON/H
  233  210  185  164  151  143  138  136  136  140  145  147  142  131  116  100
   87   77   72   71   71   70   68   67   67   68   70   69   65   60   56   55
   56   58   60   58   55   54   57   65   77   90  102  111  119  126  132  136
  139  142  147  156  166  175  185  195  206  216  225  233  239  243  244  242
  239  236  236  239  244  251  253  248  233
    25.0-180.0 180.0   5.0 450.0                            LAT/LON1/LON2/DLON/H
  266  245  220  197  179  167  159  153  151  152  155  155  148  134  116   98
   84   74   68   67   66   66   66   66   67   70   71   69   64   59   54   53
   54   57   58   57   54   51   53   60   71   84   95  104  112  119  125  128
  130  134  142  154  169  184  198  213  228  242  254  265  273  279  281  279
  275  271  269  270  273  278  281  279  266
    22.5-180.0 180.0   5.0 450.0                            LAT/LON1/LON2/DLON/H
  295  279  256  233  214  200  188  179  173  171  170  165  152  134  114   95
   80   71   66   64   64   64   65   66   69   71   72   69   63   57   52   50
   52   54   55   54   51   48   49   54   63   75   86   96  104  111  116  118
  121  126  137  153  171  189  207  225  243  259  274  287  298  306  310  309
  306  301  297  295  295  297  302  303  295
    20.0-180.0 180.0   5.0 450.0                            LAT/LON1/LON2/DLON/H
  316  306  288  268  250  235  221  210  202  195  188  176  158  135  112   93
   79   70   66   64   64   64   66   68   70   72   71   67   60   54   49   47
   48   50   52   51   48   44   43   46   54   65   76   87   96  104  108  110
  113  120  133  152  173  193  212  230  248  265  280  294  308  319  326  327
  325  321  316  311  307  307  311  316  316
    17.5-180.0 180.0   5.0 450.0                            LAT/LON1/LON2/DLON/H
  324  322  311  295  280  266  253  242  232  221  208  189  164  137  112   94
   82   74   69   67   66   67   68   70   71   71   69   63   56   49   44   42
   43   45   47   47   44   40   37   39   45   55   67   80   90   98  102  105
  109  118  134  155  176  195  212  228  244  259  273  288  302  316  326  331
  331  328  323  316  309  305  309  318  324
    15.0-180.0 180.0   5.0 450.0                            LAT/LON1/LON2/DLON/H
  322  327  323  311  299  287  278  268  258  245  226  201  171  141  116   99
   88   81   77   73   71   70   70   71   71   68   63   57   49   42   38   36
   37   39   41   42   40   36   33   32   37   47   61   75   87   96  101  104
  110  122  140  161  181  197  211  223  236  248  259  272  287  302  314  321
  323  323  319  311  302  296  299  310  322
    12.5-180.0 180.0   5.0 450.0                            LAT/LON1/LON2/DLON/H
  312  322  323  315  306  297  290  284  275  261  239  210  177  146  122  107
   98   92   86   81   77   74   73   71   68   63   56   48   41   35   32   31
   31   34   36   37   36   33   29   28   33   43   57   73   87   97  103  108
  117  131  150  170  188  201  211  220  229  236  244  254  267  282  295  303
  307  309  308  301  290  282  284  296  312
    10.0-180.0 180.0   5.0 450.0                            LAT/LON1/LON2/DLON/H
  298  311  315  310  301  295  291  288  281  267  244  213  180  151  130  117
  109  103   96   89   83   78   74   70   64   57   48   40   34   29   27   26
   27   29   32   33   33   32   29   28   32   42   58   75   90  101  109  116
  126  142  162  182  197  208  215  222  228  232  236  242  253  266  277  284
  288  292  293  289  280  271  270  282  298
     7.5-180.0 180.0   5.0 450.0                            LAT/LON1/LON2/DLON/H
  287  300  304  299  291  284  282  281  276  263  240  211  180  154  137  127
  120  114  105   96   87   80   74   68   60   51   41   34   29   26   25   25
   26   27   29   31   32   32   31   31   35   45   61   78   94  106  115  123
  136  153  174  193  207  217  224  231  236  238  239  242  249  259  266  270
  272  276  280  280  273  264  263  271  287
     5.0-180.0 180.0   5.0 450.0                            LAT/LON1/LON2/DLON/H
  280  291  294  288  279  272  269  268  264  251  229  202  175  154  142  134
  129  121  112  101   91   82   74   66   56   46   37   31   28   26   26   26
   27   28   29   30   32   33   35   36   41   50   65   82   98  110  120  129
  143  161  182  201  216  226  236  245  251  254  254  255  259  263  265  264
  262  265  272  275  272  265  262  268  280
     2.5-180.0 180.0   5.0 450.0                            LAT/LON1/LON2/DLON/H
  278  286  288  281  271  262  258  255  249  235  214  188  166  151  142  137
  133  125  115  104   93   83   74   64   54   44   36   32   30   30   30   31
   31   31   30   30   32   36   39   42   46   54   67   84   99  111  121  132
  146  165  185  204  220  234  247  260  270  275  276  276  277  277  273  265
  259  260  267  273  274  270  266  269  278
