My ion CT pro/tec_code/CODG1310.09I
     1.0            IONOSPHERE MAPS     GNSS                IONEX VERSION / TYPE
ADDNEQ2 V5.1        AIUB                15-MAY-09 19:49     PGM / RUN BY / DATE 
CODE'S GLOBAL IONOSPHERE MAPS FOR DAY 131, 2009             COMMENT             
Global ionosphere maps (GIM) are generated on a daily basis DESCRIPTION         
at CODE using data from about 150 GPS sites of the IGS and  DESCRIPTION         
other institutions. The vertical total electron content     DESCRIPTION         
(VTEC) is modeled in a solar-geomagnetic reference frame    DESCRIPTION         
using a spherical harmonics expansion up to degree and      DESCRIPTION         
order 15. Piece-wise linear functions are used for          DESCRIPTION         
representation in the time domain. The time spacing of      DESCRIPTION         
their vertices is 2 hours, conforming with the epochs of    DESCRIPTION         
the VTEC maps. Instrumental biases, so-called differential  DESCRIPTION         
P1-P2 code biases (DCB), for all GPS satellites and ground  DESCRIPTION         
stations are estimated as constant values for each day,     DESCRIPTION         
simultaneously with the 13 times 256, or 3328 parameters    DESCRIPTION         
used to represent the global VTEC distribution. The DCB     DESCRIPTION         
datum is defined by a zero-mean condition imposed on the    DESCRIPTION         
satellite bias estimates. P1-C1 bias corrections are taken  DESCRIPTION         
into account if needed. To convert line-of-sight TEC into   DESCRIPTION         
vertical TEC, a modified single-layer model mapping         DESCRIPTION         
function approximating the JPL extended slab model mapping  DESCRIPTION         
function is adopted. The mapping function is evaluated at   DESCRIPTION         
geodetic satellite elevation angles. For the computation of DESCRIPTION         
the ionospheric pierce points, a spherical layer with a     DESCRIPTION         
radius of 6821 km is assumed, implying geocentric, not      DESCRIPTION         
geodetic IONEX latitudes.                                   DESCRIPTION         
Note: These GIM results correspond to the results for the   DESCRIPTION         
middle day of a 3-day combination analysis solving for 37   DESCRIPTION         
times 256, or 9472 VTEC parameters and one common set of    DESCRIPTION         
satellite and 24-hour receiver DCB constants.               DESCRIPTION         
Contact address: stefan.schaer or code @aiub.unibe.ch       DESCRIPTION         
Web site:        http://www.aiub.unibe.ch/ionosphere/       DESCRIPTION         
Data archive:    ftp://ftp.unibe.ch/aiub/CODE/              DESCRIPTION         
                 http://www.aiub.unibe.ch/download/CODE/    DESCRIPTION         
  2009     5    11     0     0     0                        EPOCH OF FIRST MAP  
  2009     5    12     0     0     0                        EPOCH OF LAST MAP   
  7200                                                      INTERVAL            
    13                                                      # OF MAPS IN FILE   
  NONE                                                      MAPPING FUNCTION    
    10.0                                                    ELEVATION CUTOFF    
One-way carrier phase leveled to code                       OBSERVABLES USED    
[...]
bor1 braz brft brmu brst brus bue1 bue2 cagl cagz cas1 ccjm COMMENT             
cedu chat chpi chti cnmr coco conz cpxf crar cro1 ctwn daej COMMENT             
dav1 dgar drao dubo ebre eil1 eil2 eprt faa1 fair flin flrs COMMENT             
func ganp glps glsv gode godz gold gope gras graz guam guat COMMENT             
harb hers hert hnpt hob2 hofn holb holm hrao hrm1 hrm2 hyde COMMENT             
iddr ieng iisc ilha ineg invk irkj joz2 joze karr kely kerg COMMENT             
khaj khar kir0 kiru kit3 kokb kosg kour lama lhaz lpal lpgs COMMENT             
madr mal2 mana mas1 mat1 mate maui maw1 mbar mccj mcil mcm4 COMMENT             
mdo1 mdvj medi mets metz mizu mkea mnls mobs monp morp mtka COMMENT             
nano nico nist nisu nklg nlib not1 novm nrc1 nrmd nssp ntus COMMENT             
nurk nya1 ohi2 ohi3 onsa opmt osn1 osn2 pado park pdel penc COMMENT             
pert pie1 pimo pol2 pots pove prds pre1 pre2 ptbb qaq1 qui1 COMMENT             
qui2 quin rabt ramo rcmn recf reso reyk rio2 rosa salu sant COMMENT             
savo sch2 scor scub sele sey1 sfer shao sofi spt0 ssia stjo COMMENT             
str2 sunm suth suwn sydn syog tah1 tah2 thti thu2 thu3 tid1 COMMENT             
tidb tlse tn22 tow2 tro1 tsea tskb twtf txes uclu ufpr unb3 COMMENT             
unbj unbn unbt unsa urum usn3 usno usud vesl vill vtsp wab1 COMMENT             
wab2 wdc3 wdc4 wes2 will wsrt wtza wtzj wtzr wtzs wtzz wuhn COMMENT             
xmis yar2 yar3 yell zeck zim2 zimj zimm zwe2                COMMENT             
                                                            END OF HEADER       
[from data line 3003]
     8                                                      START OF TEC MAP    
  2009     5    11    14     0     0                        EPOCH OF CURRENT MAP
    87.5-180.0 180.0   5.0 450.0                            LAT/LON1/LON2/DLON/H
   74   74   74   74   75   75   75   76   76   76   77   77   78   78   78   79
   79   79   80   80   80   80   81   81   81   81   81   82   82   82   82   82
   82   82   81   81   81   81   81   81   80   80   80   80   79   79   78   78
   78   77   77   76   76   75   75   74   74   74   73   73   73   73   73   73
   73   73   73   73   73   73   73   73   74
    85.0-180.0 180.0   5.0 450.0                            LAT/LON1/LON2/DLON/H
   69   70   70   71   71   72   72   73   73   74   75   75   76   77   77   78
   79   79   80   81   81   82   82   82   83   83   83   83   83   83   83   83
   83   83   83   83   83   83   83   82   82   82   81   81   80   80   79   78
   77   76   75   74   73   72   71   70   69   68   68   67   67   66   66   66
   66   67   67   67   68   68   68   69   69
    82.5-180.0 180.0   5.0 450.0                            LAT/LON1/LON2/DLON/H
   66   67   67   68   68   69   69   70   70   71   72   72   73   74   75   76
   77   78   79   80   81   82   82   83   83   84   84   84   84   84   83   83
   83   83   83   83   83   83   83   83   83   83   83   83   82   82   81   79
   78   76   74   72   70   68   66   64   63   62   61   60   59   59   59   60
   60   61   62   63   63   64   65   65   66
    80.0-180.0 180.0   5.0 450.0                            LAT/LON1/LON2/DLON/H
   65   65   65   66   66   66   67   67   67   68   68   69   70   71   72   73
   74   76   77   78   80   81   82   83   83   83   84   83   83   83   82   82
   81   81   81   81   81   81   82   82   83   84   85   85   85   84   83   82
   80   77   74   71   68   64   61   58   56   54   53   52   52   53   53   54
   56   57   58   60   61   62   63   64   65
    77.5-180.0 180.0   5.0 450.0                            LAT/LON1/LON2/DLON/H
   64   65   65   65   65   65   65   65   65   65   65   66   67   67   68   69
   71   72   74   76   78   79   81   82   83   83   83   83   82   82   81   80
   79   78   78   78   78   79   80   81   83   84   86   87   88   88   87   85
   82   79   74   70   65   60   56   52   49   47   46   46   46   47   49   51
   53   55   57   59   61   62   63   64   64
    75.0-180.0 180.0   5.0 450.0                            LAT/LON1/LON2/DLON/H
   65   65   65   65   64   64   64   64   64   64   64   64   64   65   65   66
   68   69   71   74   76   78   80   82   83   83   83   83   82   81   79   78
   77   76   75   75   75   76   77   79   81   84   86   89   90   91   90   88
   85   80   75   69   63   57   52   47   44   42   41   41   42   43   46   49
   52   55   57   60   62   63   64   65   65
    72.5-180.0 180.0   5.0 450.0                            LAT/LON1/LON2/DLON/H
   65   64   64   64   64   64   64   63   63   63   63   63   63   63   63   64
   65   67   69   72   75   77   80   82   83   84   83   83   81   80   78   77
   75   74   73   72   72   72   74   76   79   82   86   89   92   93   92   90
   86   81   74   67   60   54   48   43   40   38   38   38   40   42   46   49
   52   56   58   61   62   64   64   65   65
    70.0-180.0 180.0   5.0 450.0                            LAT/LON1/LON2/DLON/H
   62   62   62   62   62   63   63   63   63   64   64   63   63   63   63   63
   64   65   68   71   74   77   80   82   84   84   83   82   81   79   77   75
   74   73   71   70   70   70   71   73   76   80   84   88   91   93   92   90
   86   80   73   65   58   52   46   42   39   38   38   39   41   44   47   51
   54   57   59   61   62   62   63   62   62
    67.5-180.0 180.0   5.0 450.0                            LAT/LON1/LON2/DLON/H
   57   57   57   58   59   60   61   62   63   64   64   64   64   63   63   63
   63   65   67   71   74   78   81   83   84   84   83   81   79   77   76   74
   73   72   71   70   68   68   68   69   72   76   81   85   89   91   90   88
   83   77   70   63   56   50   46   43   42   42   42   44   46   48   51   53
   56   58   59   59   59   59   58   57   57
    65.0-180.0 180.0   5.0 450.0                            LAT/LON1/LON2/DLON/H
   49   50   50   52   54   56   58   59   61   62   63   64   64   64   64   63
   64   65   68   71   75   78   81   83   84   83   81   79   77   75   74   73
   73   72   71   70   68   67   66   67   69   73   77   82   85   87   87   84
   79   73   66   60   55   51   49   48   48   49   50   52   53   54   56   57
   58   58   58   57   55   53   51   50   49
    62.5-180.0 180.0   5.0 450.0                            LAT/LON1/LON2/DLON/H
   40   41   42   44   47   50   52   55   57   60   61   63   64   64   64   64
   64   66   69   72   76   79   81   82   82   80   78   75   73   72   71   72
   72   72   72   71   69   67   66   66   68   71   75   79   82   84   83   79
   74   68   63   58   56   55   55   56   58   60   61   62   62   62   61   60
   59   58   56   53   50   46   43   41   40
    60.0-180.0 180.0   5.0 450.0                            LAT/LON1/LON2/DLON/H
   32   32   34   37   40   44   47   50   53   55   58   60   62   63   63   64
   65   67   69   73   76   79   80   81   80   77   75   72   70   69   70   71
   72   74   74   73   72   70   68   67   69   71   75   79   81   82   80   76
   71   66   62   59   59   60   63   67   70   72   73   73   71   69   66   63
   60   57   54   50   45   41   37   34   32
    57.5-180.0 180.0   5.0 450.0                            LAT/LON1/LON2/DLON/H
   27   27   29   32   35   38   42   45   48   51   54   57   59   61   62   63
   65   67   70   73   76   78   78   78   76   74   72   69   68   68   69   71
   74   76   77   77   76   74   73   72   73   76   79   82   83   83   80   76
   71   66   64   63   65   69   74   78   82   84   85   83   80   75   71   66
   61   57   53   48   43   38   33   29   27
    55.0-180.0 180.0   5.0 450.0                            LAT/LON1/LON2/DLON/H
   26   26   27   30   33   36   39   41   44   47   51   54   56   59   60   62
   64   67   70   72   75   76   76   75   74   72   70   69   69   70   71   74
   77   79   81   82   82   81   80   80   82   84   86   88   89   87   83   79
   74   70   69   71   75   80   85   90   93   95   95   92   87   81   74   68
   63   58   54   49   44   38   33   29   26
    52.5-180.0 180.0   5.0 450.0                            LAT/LON1/LON2/DLON/H
   30   29   30   32   34   37   39   41   43   46   49   52   55   57   59   61
   64   67   70   72   74   75   74   73   72   72   71   72   73   74   76   79
   82   85   87   89   90   90   91   92   93   95   97   98   97   94   90   85
   80   78   78   81   86   91   96  100  103  104  103   99   92   85   77   69
   63   59   55   51   47   42   37   33   30
    50.0-180.0 180.0   5.0 450.0                            LAT/LON1/LON2/DLON/H
   38   37   37   38   39   41   42   44   45   48   50   53   55   57   59   61
   64   67   70   73   74   74   74   73   73   74   76   77   79   81   83   85
   88   91   94   97   99  102  104  105  107  108  108  108  106  103   98   93
   89   88   89   93   97  101  105  108  110  110  108  103   96   87   78   70
   64   60   57   55   52   48   45   41   38
    47.5-180.0 180.0   5.0 450.0                            LAT/LON1/LON2/DLON/H
   48   47   46   45   46   47   47   48   50   52   54   56   58   59   61   63
   66   69   72   75   76   76   76   76   77   79   82   85   87   88   90   92
   95   98  102  106  111  115  118  120  121  121  120  118  115  111  106  102
   99   99  101  104  108  110  113  114  114  114  111  106   99   89   79   70
   64   60   58   57   56   55   53   51   48
    45.0-180.0 180.0   5.0 450.0                            LAT/LON1/LON2/DLON/H
   58   56   54   53   52   52   53   54   56   58   60   62   63   64   66   68
   70   74   76   79   80   80   80   82   84   87   91   93   95   96   96   98
  101  106  111  117  124  130  134  136  135  133  130  127  123  118  113  109
  108  108  111  113  116  117  118  117  117  116  114  109  101   91   80   70
   63   59   57   57   58   59   60   59   58
    42.5-180.0 180.0   5.0 450.0                            LAT/LON1/LON2/DLON/H
   64   62   60   58   57   56   57   58   60   64   67   70   71   72   73   75
   77   80   83   85   86   86   88   89   92   96   99  101  101  101  101  103
  107  113  121  129  138  145  150  151  148  143  138  133  128  123  119  115
  115  116  118  120  121  121  121  120  119  118  115  110  103   92   81   71
   63   58   56   56   58   61   63   64   64
    40.0-180.0 180.0   5.0 450.0                            LAT/LON1/LON2/DLON/H
   66   65   62   60   58   57   57   59   63   68   73   77   80   81   83   84
   87   89   91   92   93   94   96   98  101  104  106  107  106  105  105  108
  114  122  132  143  153  161  165  165  160  153  145  138  132  127  123  120
  120  121  124  125  125  124  123  122  121  119  117  112  104   94   83   72
   63   57   54   53   56   59   63   66   66
    37.5-180.0 180.0   5.0 450.0                            LAT/LON1/LON2/DLON/H
   64   63   61   58   56   55   55   57   62   69   76   83   88   91   93   95
   97   99   99  100  101  103  105  107  109  110  111  110  109  107  108  113
  121  132  145  157  169  177  181  179  171  161  152  144  137  132  128  125
  125  126  128  129  128  127  126  124  123  121  117  112  105   96   85   75
   65   58   53   51   52   56   60   63   64
    35.0-180.0 180.0   5.0 450.0                            LAT/LON1/LON2/DLON/H
   60   59   57   55   53   51   50   52   58   67   77   87   94  100  103  106
  107  108  108  107  108  110  112  113  114  114  114  113  111  111  113  120
  132  145  159  173  185  193  196  192  183  171  160  152  145  140  135  132
  131  133  134  134  133  131  129  128  126  122  117  111  104   96   87   78
   69   61   55   51   50   53   57   59   60
    32.5-180.0 180.0   5.0 450.0                            LAT/LON1/LON2/DLON/H
   55   54   53   51   49   47   45   47   53   63   76   88   99  106  111  114
  116  115  114  113  113  114  116  117  116  116  115  115  116  118  123  133
  146  161  176  190  202  209  212  207  196  184  173  164  158  151  146  142
  141  142  143  142  139  137  135  132  128  122  115  107  101   95   89   82
   75   67   59   54   52   52   54   56   55
    30.0-180.0 180.0   5.0 450.0                            LAT/LON1/LON2/DLON/H
   53   51   50   50   48   45   42   42   48   59   73   88  101  110  116  120
  121  120  117  115  115  116  117  117  116  116  117  119  124  130  138  151
  166  181  195  207  218  225  227  221  211  199  189  181  174  168  161  156
  155  156  156  154  149  145  142  137  129  119  109  101   96   92   89   86
   81   74   67   60   57   56   55   55   53
    27.5-180.0 180.0   5.0 450.0                            LAT/LON1/LON2/DLON/H
   53   50   51   52   51   48   43   41   45   56   70   86  100  110  117  121
  121  120  117  114  113  114  115  116  115  116  120  127  136  147  159  173
  188  202  214  224  233  239  241  236  227  216  208  201  195  187  179  174
  173  174  173  169  162  155  148  139  128  114  102   93   89   88   88   88
   86   81   75   69   65   63   60   57   53
    25.0-180.0 180.0   5.0 450.0                            LAT/LON1/LON2/DLON/H
   56   53   54   57   58   54   48   44   46   55   69   84   98  108  115  118
  118  117  114  111  110  111  113  113  114  118  126  138  152  167  183  198
  212  223  232  239  246  252  254  250  243  235  228  222  216  208  199  194
  193  194  192  186  176  165  153  140  124  107   92   83   81   82   86   88
   89   86   82   78   74   72   68   62   56
    22.5-180.0 180.0   5.0 450.0                            LAT/LON1/LON2/DLON/H
   61   58   60   65   67   63   56   50   50   57   68   82   95  105  110  112
  112  111  108  106  106  107  110  112  115  122  134  151  170  189  206  221
  233  241  247  252  257  262  265  263  258  252  246  242  235  226  217  212
  212  213  211  203  189  173  156  137  117   98   82   74   73   77   82   86
   88   88   86   84   83   81   76   68   61
    20.0-180.0 180.0   5.0 450.0                            LAT/LON1/LON2/DLON/H
   65   62   66   72   75   72   65   58   56   60   69   81   92  100  104  105
  105  104  102  101  102  105  109  113  119  129  145  165  187  208  225  239
  249  255  258  261  265  270  274  273  270  265  261  256  249  239  230  226
  226  229  226  215  197  176  154  131  109   88   74   68   68   72   77   81
   84   85   86   86   88   87   83   74   65
    17.5-180.0 180.0   5.0 450.0                            LAT/LON1/LON2/DLON/H
   68   65   69   77   81   79   72   65   62   64   70   79   89   95   99   99
   98   98   97   98  100  104  110  117  126  139  157  178  200  221  237  250
  258  262  264  267  271  277  280  280  278  274  270  264  256  246  237  233
  235  237  234  221  199  174  148  122   99   80   69   65   66   70   73   75
   77   79   81   84   88   90   86   77   68
    15.0-180.0 180.0   5.0 450.0                            LAT/LON1/LON2/DLON/H
   67   64   69   77   82   81   75   69   65   66   70   77   86   92   95   95
   94   94   95   97  101  106  114  124  136  151  169  189  209  227  242  253
  261  265  267  271  276  282  285  284  281  276  271  265  256  245  237  233
  235  237  233  218  194  166  138  112   90   74   66   65   67   69   69   69
   69   71   73   77   83   87   84   76   67
    12.5-180.0 180.0   5.0 450.0                            LAT/LON1/LON2/DLON/H
   63   61   66   73   78   77   73   68   65   64   68   74   83   89   93   94
   94   95   97  100  104  111  120  132  146  162  180  197  213  228  241  251
  259  264  269  274  280  285  287  284  279  273  267  259  249  238  230  227
  228  229  223  208  183  154  125  101   82   71   67   68   70   70   67   64
   63   63   65   69   76   80   79   72   63
    10.0-180.0 180.0   5.0 450.0                            LAT/LON1/LON2/DLON/H
   58   55   60   66   70   69   66   62   60   60   63   69   79   88   94   96
   97   98  101  105  110  117  127  141  157  173  189  202  214  225  237  248
  257  265  271  278  285  288  286  280  273  265  257  247  237  227  219  216
  215  214  207  191  167  139  112   91   76   69   69   72   74   71   66   61
   58   57   58   61   67   71   71   65   58
     7.5-180.0 180.0   5.0 450.0                            LAT/LON1/LON2/DLON/H
   52   50   53   58   60   58   56   54   53   53   56   63   75   87   96  100
  103  105  108  112  117  124  135  149  166  182  196  207  215  224  235  247
  259  268  276  284  289  289  283  273  262  252  243  233  223  213  206  202
  199  195  186  171  149  124  101   83   72   69   72   75   75   71   65   60
   57   55   55   56   60   63   63   58   52
     5.0-180.0 180.0   5.0 450.0                            LAT/LON1/LON2/DLON/H
   48   47   49   51   51   49   46   45   44   45   48   57   71   86   98  106
  110  113  116  119  124  131  141  156  173  190  203  212  218  227  239  253
  266  276  284  290  292  287  276  261  247  236  226  217  208  200  194  188
  182  175  165  150  131  110   91   77   69   69   72   75   74   69   64   60
   58   57   55   54   55   57   57   53   48
     2.5-180.0 180.0   5.0 450.0                            LAT/LON1/LON2/DLON/H
   48   47   48   48   46   42   39   38   37   37   40   50   66   84  100  111
  117  121  124  126  130  136  146  161  178  195  209  218  226  235  249  265
  278  287  293  295  292  281  264  245  229  218  209  201  194  188  182  175
  166  156  144  131  115   99   84   73   67   67   69   70   69   65   61   61
   61   61   59   55   54   54   54   51   48
