My ion CT pro/tec_code/CODG1310.09I
     1.0            IONOSPHERE MAPS     GNSS                IONEX VERSION / TYPE
ADDNEQ2 V5.1        AIUB                15-MAY-09 19:49     PGM / RUN BY / DATE 
CODE'S GLOBAL IONOSPHERE MAPS FOR DAY 131, 2009             COMMENT             
Global ionosphere maps (GIM) are generated on a daily basis DESCRIPTION         
at CODE using data from about 150 GPS sites of the IGS and  DESCRIPTION         
other institutions. The vertical total electron content     DESCRIPTION         
(VTEC) is modeled in a solar-geomagnetic reference frame    DESCRIPTION         
using a spherical harmonics expansion up to degree and      DESCRIPTION         
order 15. Piece-wise linear functions are used for          DESCRIPTION         
representation in the time domain. The time spacing of      DESCRIPTION         
their vertices is 2 hours, conforming with the epochs of    DESCRIPTION         
the VTEC maps. Instrumental biases, so-called differential  DESCRIPTION         
P1-P2 code biases (DCB), for all GPS satellites and ground  DESCRIPTION         
stations are estimated as constant values for each day,     DESCRIPTION         
simultaneously with the 13 times 256, or 3328 parameters    DESCRIPTION         
used to represent the global VTEC distribution. The DCB     DESCRIPTION         
datum is defined by a zero-mean condition imposed on the    DESCRIPTION         
satellite bias estimates. P1-C1 bias corrections are taken  DESCRIPTION         
into account if needed. To convert line-of-sight TEC into   DESCRIPTION         
vertical TEC, a modified single-layer model mapping         DESCRIPTION         
function approximating the JPL extended slab model mapping  DESCRIPTION         
function is adopted. The mapping function is evaluated at   DESCRIPTION         
geodetic satellite elevation angles. For the computation of DESCRIPTION         
the ionospheric pierce points, a spherical layer with a     DESCRIPTION         
radius of 6821 km is assumed, implying geocentric, not      DESCRIPTION         
geodetic IONEX latitudes.                                   DESCRIPTION         
Note: These GIM results correspond to the results for the   DESCRIPTION         
middle day of a 3-day combination analysis solving for 37   DESCRIPTION         
times 256, or 9472 VTEC parameters and one common set of    DESCRIPTION         
satellite and 24-hour receiver DCB constants.               DESCRIPTION         
Contact address: stefan.schaer or code @aiub.unibe.ch       DESCRIPTION         
Web site:        http://www.aiub.unibe.ch/ionosphere/       DESCRIPTION         
Data archive:    ftp://ftp.unibe.ch/aiub/CODE/              DESCRIPTION         
                 http://www.aiub.unibe.ch/download/CODE/    DESCRIPTION         
  2009     5    11     0     0     0                        EPOCH OF FIRST MAP  
  2009     5    12     0     0     0                        EPOCH OF LAST MAP   
  7200                                                      INTERVAL            
    13                                                      # OF MAPS IN FILE   
  NONE                                                      MAPPING FUNCTION    
    10.0                                                    ELEVATION CUTOFF    
One-way carrier phase leveled to code                       OBSERVABLES USED    
[...]
bor1 braz brft brmu brst brus bue1 bue2 cagl cagz cas1 ccjm COMMENT             
cedu chat chpi chti cnmr coco conz cpxf crar cro1 ctwn daej COMMENT             
dav1 dgar drao dubo ebre eil1 eil2 eprt faa1 fair flin flrs COMMENT             
func ganp glps glsv gode godz gold gope gras graz guam guat COMMENT             
harb hers hert hnpt hob2 hofn holb holm hrao hrm1 hrm2 hyde COMMENT             
iddr ieng iisc ilha ineg invk irkj joz2 joze karr kely kerg COMMENT             
khaj khar kir0 kiru kit3 kokb kosg kour lama lhaz lpal lpgs COMMENT             
madr mal2 mana mas1 mat1 mate maui maw1 mbar mccj mcil mcm4 COMMENT             
mdo1 mdvj medi mets metz mizu mkea mnls mobs monp morp mtka COMMENT             
nano nico nist nisu nklg nlib not1 novm nrc1 nrmd nssp ntus COMMENT             
nurk nya1 ohi2 ohi3 onsa opmt osn1 osn2 pado park pdel penc COMMENT             
pert pie1 pimo pol2 pots pove prds pre1 pre2 ptbb qaq1 qui1 COMMENT             
qui2 quin rabt ramo rcmn recf reso reyk rio2 rosa salu sant COMMENT             
savo sch2 scor scub sele sey1 sfer shao sofi spt0 ssia stjo COMMENT             
str2 sunm suth suwn sydn syog tah1 tah2 thti thu2 thu3 tid1 COMMENT             
tidb tlse tn22 tow2 tro1 tsea tskb twtf txes uclu ufpr unb3 COMMENT             
unbj unbn unbt unsa urum usn3 usno usud vesl vill vtsp wab1 COMMENT             
wab2 wdc3 wdc4 wes2 will wsrt wtza wtzj wtzr wtzs wtzz wuhn COMMENT             
xmis yar2 yar3 yell zeck zim2 zimj zimm zwe2                COMMENT             
                                                            END OF HEADER       
     1                                                      START OF TEC MAP    
  2009     5    11     0     0     0                        EPOCH OF CURRENT MAP
    87.5-180.0 180.0   5.0 450.0                            LAT/LON1/LON2/DLON/H
   80   80   80   80   79   79   78   78   78   77   77   76   76   75   75   74
   73   73   72   72   71   71   70   70   69   69   68   68   68   68   68   68
   68   68   68   68   68   68   69   69   70   70   70   71   72   72   73   73
   74   74   75   76   76   77   77   78   78   79   79   80   80   80   81   81
   81   81   81   81   81   81   81   80   80
    85.0-180.0 180.0   5.0 450.0                            LAT/LON1/LON2/DLON/H
   84   83   83   83   82   82   81   81   81   80   79   79   78   77   76   75
   74   72   71   70   69   67   66   65   64   63   62   62   61   61   61   61
   61   61   62   62   62   63   64   64   65   66   67   68   68   69   70   71
   73   74   75   76   77   79   80   81   82   83   84   84   85   86   86   86
   86   86   86   86   85   85   85   84   84
    82.5-180.0 180.0   5.0 450.0                            LAT/LON1/LON2/DLON/H
   85   84   84   84   83   83   83   83   83   83   82   82   81   80   79   77
   76   74   72   70   68   66   64   62   60   59   57   56   56   56   56   56
   56   57   57   58   59   60   60   61   62   63   63   64   65   66   67   68
   70   71   73   75   77   79   81   83   84   86   87   89   89   90   90   91
   90   90   89   89   88   87   86   85   85
    80.0-180.0 180.0   5.0 450.0                            LAT/LON1/LON2/DLON/H
   83   83   82   82   83   83   84   84   85   85   85   85   85   84   82   81
   79   76   74   71   68   65   63   60   58   56   54   53   52   52   52   53
   54   55   56   57   58   59   59   60   60   60   60   60   61   61   62   63
   65   67   69   71   74   77   80   82   85   88   90   91   93   94   94   94
   94   93   91   90   89   87   86   84   83
    77.5-180.0 180.0   5.0 450.0                            LAT/LON1/LON2/DLON/H
   81   80   80   80   81   82   83   84   86   87   88   88   88   87   86   85
   82   80   77   74   70   67   64   60   57   55   53   51   51   51   51   52
   54   55   57   58   59   60   60   59   58   57   56   56   55   55   55   56
   58   60   63   66   69   73   77   81   84   87   90   93   95   96   97   97
   96   95   93   91   88   86   84   82   81
    75.0-180.0 180.0   5.0 450.0                            LAT/LON1/LON2/DLON/H
   78   77   77   77   78   80   82   84   86   88   89   90   91   90   89   88
   86   83   80   77   74   70   66   63   59   56   54   52   51   51   52   53
   55   57   59   60   61   61   60   59   57   54   52   49   48   47   47   48
   50   52   56   59   64   68   73   77   81   86   89   93   95   97   98   98
   98   96   94   91   88   85   83   80   78
    72.5-180.0 180.0   5.0 450.0                            LAT/LON1/LON2/DLON/H
   78   76   76   76   77   78   80   82   85   87   89   91   92   92   91   90
   88   86   83   80   77   74   71   67   63   60   56   54   53   53   53   55
   57   59   61   62   62   61   59   57   53   49   45   42   40   38   38   39
   41   45   49   53   58   63   68   73   78   82   87   91   94   97   99   99
   99   98   95   93   89   86   83   80   78
    70.0-180.0 180.0   5.0 450.0                            LAT/LON1/LON2/DLON/H
   80   78   76   76   76   77   78   80   83   85   88   90   91   92   91   90
   89   87   85   83   81   79   75   72   68   64   60   57   55   55   55   56
   58   60   61   62   61   59   56   52   48   43   38   34   31   30   30   32
   35   39   44   49   54   59   63   68   73   78   83   87   91   95   98   99
   99   99   97   94   91   88   85   82   80
    67.5-180.0 180.0   5.0 450.0                            LAT/LON1/LON2/DLON/H
   84   82   80   78   77   76   76   77   79   82   85   87   89   90   91   90
   89   88   86   85   84   82   80   77   73   68   64   60   58   56   56   57
   58   59   60   59   57   55   51   46   41   36   32   28   25   24   25   27
   31   36   41   46   51   56   60   64   69   73   78   83   88   92   96   98
   99   99   98   96   94   92   89   87   84
    65.0-180.0 180.0   5.0 450.0                            LAT/LON1/LON2/DLON/H
   91   89   86   83   80   77   75   74   75   77   80   83   86   89   90   90
   89   88   87   86   86   85   83   81   77   72   67   63   60   58   57   57
   57   57   56   54   51   48   44   40   36   31   27   24   22   22   23   26
   31   36   41   46   51   55   58   62   65   70   74   79   84   89   93   96
   98   99   99   98   97   96   95   93   91
    62.5-180.0 180.0   5.0 450.0                            LAT/LON1/LON2/DLON/H
   99   97   94   89   84   79   74   72   71   72   75   79   83   87   89   89
   88   87   86   86   86   86   85   83   80   75   70   65   61   59   57   56
   55   53   51   48   44   41   38   35   32   29   26   24   23   23   25   29
   33   38   44   48   52   55   57   60   63   67   72   77   82   86   90   94
   96   98   99   99  100  100  101  100   99
    60.0-180.0 180.0   5.0 450.0                            LAT/LON1/LON2/DLON/H
  107  106  102   97   90   83   76   71   68   68   71   75   81   85   88   89
   89   87   86   85   85   86   86   84   81   76   71   67   63   61   59   57
   54   51   47   42   39   36   34   33   32   31   30   29   28   29   31   34
   38   42   47   50   53   55   57   59   62   66   71   76   80   85   88   91
   94   96   98  100  102  104  106  107  107
    57.5-180.0 180.0   5.0 450.0                            LAT/LON1/LON2/DLON/H
  114  114  111  106   98   90   81   74   69   67   69   73   79   84   88   90
   89   87   85   84   84   85   86   85   82   77   73   69   66   64   62   59
   55   50   45   40   36   35   35   36   37   38   38   37   37   37   38   40
   43   46   49   52   54   56   57   60   63   67   72   77   81   85   87   90
   92   94   97   99  102  106  109  113  114
    55.0-180.0 180.0   5.0 450.0                            LAT/LON1/LON2/DLON/H
  119  120  119  115  108   99   90   81   74   70   70   73   78   84   88   90
   90   88   86   84   85   86   86   85   83   79   75   72   70   68   67   64
   59   52   46   41   38   38   40   43   46   48   48   48   47   46   45   46
   47   49   51   53   54   56   58   61   65   70   75   79   83   86   87   89
   91   93   95   98  102  106  111  116  119
    52.5-180.0 180.0   5.0 450.0                            LAT/LON1/LON2/DLON/H
  121  124  125  123  119  111  103   94   85   79   75   76   79   84   88   91
   91   89   87   86   87   88   89   88   85   81   78   76   75   75   73   69
   63   56   50   45   43   45   49   53   57   59   59   58   56   53   51   50
   50   50   51   53   54   56   59   64   69   74   80   83   86   87   88   89
   90   92   94   97  100  105  110  116  121
    50.0-180.0 180.0   5.0 450.0                            LAT/LON1/LON2/DLON/H
  120  125  129  130  129  125  118  110  101   92   85   82   82   85   89   92
   93   92   91   91   92   93   94   93   90   86   83   81   81   81   80   76
   69   62   55   52   51   54   59   64   68   69   68   66   62   59   55   53
   51   51   51   52   55   58   62   68   75   81   85   88   89   89   89   89
   90   92   93   96   98  102  107  113  120
    47.5-180.0 180.0   5.0 450.0                            LAT/LON1/LON2/DLON/H
  116  123  129  134  136  137  134  128  119  109   99   91   87   87   90   93
   95   96   97   98  100  102  102  100   96   92   88   87   87   87   85   81
   74   67   61   59   60   64   70   74   76   76   74   70   66   62   58   54
   52   51   51   53   56   61   67   75   82   88   92   93   92   90   89   89
   90   92   93   95   96   99  104  110  116
    45.0-180.0 180.0   5.0 450.0                            LAT/LON1/LON2/DLON/H
  112  120  127  134  141  145  146  144  137  126  114  103   95   92   93   95
   98  101  104  108  111  113  113  109  104   98   94   92   92   91   89   84
   77   70   66   65   68   72   78   81   82   80   76   72   67   63   59   55
   52   51   52   55   60   66   75   83   91   96   98   97   94   91   89   89
   91   93   94   94   95   96  100  105  112
    42.5-180.0 180.0   5.0 450.0                            LAT/LON1/LON2/DLON/H
  109  116  124  132  140  148  153  155  151  142  130  117  106  100   98  100
  104  108  114  120  125  127  125  120  112  104   99   96   95   93   89   83
   77   71   69   69   73   78   82   84   84   81   76   72   68   64   60   56
   53   52   54   58   64   73   83   93  101  105  105  101   96   92   90   90
   92   94   95   95   94   95   98  103  109
    40.0-180.0 180.0   5.0 450.0                            LAT/LON1/LON2/DLON/H
  109  115  122  129  137  146  154  159  160  154  144  131  120  112  108  108
  111  117  125  133  139  141  138  130  119  109  102   98   95   91   87   81
   75   71   70   71   75   80   83   85   83   80   76   72   69   66   62   59
   56   55   57   62   70   81   92  103  111  113  111  105   98   93   91   92
   94   97   98   97   96   96   99  103  109
    37.5-180.0 180.0   5.0 450.0                            LAT/LON1/LON2/DLON/H
  114  119  123  128  134  142  151  158  163  162  156  146  136  127  121  119
  121  127  136  145  152  154  149  138  125  113  103   97   92   87   82   76
   72   69   69   72   75   79   82   83   82   79   76   74   72   70   67   62
   59   57   59   65   74   87  100  112  119  121  116  109  101   96   94   95
   99  102  103  102  101  102  104  109  114
    35.0-180.0 180.0   5.0 450.0                            LAT/LON1/LON2/DLON/H
  125  128  130  131  134  139  147  155  163  167  166  161  153  145  138  133
  133  138  147  157  164  165  158  145  129  114  102   94   87   82   76   71
   68   68   69   71   74   77   80   81   81   80   79   78   77   75   72   67
   62   60   61   67   77   90  105  118  125  126  121  113  105  101  100  102
  106  110  111  111  110  112  116  121  125
    32.5-180.0 180.0   5.0 450.0                            LAT/LON1/LON2/DLON/H
  143  145  144  142  141  143  148  156  165  173  177  177  173  166  157  151
  148  150  158  167  173  172  163  148  131  114  100   90   82   75   70   67
   67   68   69   71   73   74   77   80   81   82   83   83   83   81   77   71
   65   61   61   66   76   90  106  120  128  129  124  117  111  108  109  112
  117  121  123  123  124  127  132  138  143
    30.0-180.0 180.0   5.0 450.0                            LAT/LON1/LON2/DLON/H
  166  167  166  162  158  156  158  164  173  183  191  195  194  188  179  170
  164  164  169  177  181  177  166  150  131  113   97   85   76   69   66   65
   66   69   71   71   71   72   75   78   82   85   86   87   88   85   80   73
   65   60   59   62   71   85  102  117  126  128  124  120  118  118  121  126
  131  136  139  140  141  146  153  160  166
    27.5-180.0 180.0   5.0 450.0                            LAT/LON1/LON2/DLON/H
  190  193  192  189  185  182  181  184  192  201  209  215  216  212  203  192
  183  180  182  186  187  180  167  149  130  112   95   81   71   64   62   64
   68   71   73   72   70   70   72   77   82   85   87   89   88   86   80   72
   64   58   55   57   64   77   95  111  121  124  124  123  125  130  135  141
  148  154  158  160  162  167  175  184  190
    25.0-180.0 180.0   5.0 450.0                            LAT/LON1/LON2/DLON/H
  213  217  219  219  218  216  215  217  221  227  234  239  240  236  228  216
  205  199  198  197  193  182  166  148  129  111   93   78   67   61   61   64
   70   74   75   73   69   68   70   74   79   83   84   85   84   81   75   67
   59   54   50   50   56   68   85  101  113  119  121  126  133  142  150  158
  166  173  178  181  184  189  197  206  213
    22.5-180.0 180.0   5.0 450.0                            LAT/LON1/LON2/DLON/H
  231  238  243  248  252  255  256  257  259  261  263  264  264  261  253  241
  230  222  217  211  200  184  165  145  127  110   92   76   64   59   60   65
   71   76   76   72   67   64   66   70   74   76   76   75   74   71   66   60
   54   49   45   44   47   58   74   91  104  112  119  129  141  154  165  174
  183  191  198  202  204  209  216  224  231
    20.0-180.0 180.0   5.0 450.0                            LAT/LON1/LON2/DLON/H
  243  251  260  270  281  290  296  299  299  297  294  290  288  284  278  268
  258  248  239  226  208  185  162  142  125  109   91   75   63   58   59   65
   72   75   74   69   64   60   61   64   66   66   64   62   60   58   55   51
   47   43   40   38   40   49   65   82   97  107  118  132  149  166  178  188
  198  207  215  219  222  225  230  237  243
    17.5-180.0 180.0   5.0 450.0                            LAT/LON1/LON2/DLON/H
  249  256  267  282  299  315  327  333  334  329  321  314  309  306  302  295
  287  277  263  244  217  187  159  137  121  107   91   75   63   58   60   65
   70   72   70   65   59   55   55   56   57   54   50   47   45   45   43   41
   40   38   37   34   35   42   57   76   92  104  118  137  158  177  190  199
  209  219  228  233  234  236  239  244  249
    15.0-180.0 180.0   5.0 450.0                            LAT/LON1/LON2/DLON/H
  250  255  266  283  303  324  342  354  357  352  341  331  326  324  323  321
  315  305  287  261  225  187  154  131  116  104   90   75   64   59   60   64
   67   68   64   59   54   50   49   49   48   43   38   34   32   33   33   33
   33   34   33   31   31   38   53   72   90  105  122  143  167  186  199  208
  217  227  236  241  242  243  244  247  250
    12.5-180.0 180.0   5.0 450.0                            LAT/LON1/LON2/DLON/H
  250  252  260  276  296  319  340  356  363  359  350  340  335  337  340  341
  338  328  308  275  231  186  148  124  110  100   89   76   66   61   61   63
   64   63   59   54   49   45   44   43   41   36   29   25   24   25   26   26
   28   30   30   29   28   35   50   71   91  109  128  151  176  195  207  214
  221  231  240  244  246  246  248  249  250
    10.0-180.0 180.0   5.0 450.0                            LAT/LON1/LON2/DLON/H
  253  252  256  266  283  303  325  342  352  352  346  339  338  343  350  355
  354  345  322  283  234  183  142  116  103   95   87   77   68   63   62   63
   61   59   55   50   45   42   41   40   38   33   26   22   21   22   22   22
   23   26   27   25   25   32   49   71   94  114  135  160  184  202  212  217
  224  232  240  245  247  249  252  253  253
     7.5-180.0 180.0   5.0 450.0                            LAT/LON1/LON2/DLON/H
  261  258  257  261  271  285  302  318  329  333  331  330  333  341  352  359
  360  350  326  285  232  179  136  109   97   91   85   78   71   66   64   62
   60   56   52   48   44   41   39   39   38   34   29   25   24   24   23   21
   20   22   23   22   22   30   48   72   97  119  142  166  190  207  215  219
  224  231  238  243  247  252  258  262  261
     5.0-180.0 180.0   5.0 450.0                            LAT/LON1/LON2/DLON/H
  275  272  267  265  267  272  282  293  303  308  311  314  322  334  345  354
  354  345  320  279  226  173  130  104   92   87   83   78   72   68   65   62
   59   56   52   48   44   41   39   40   40   38   35   31   30   28   25   21
   19   18   19   18   19   27   46   72   98  122  146  169  192  208  215  219
  223  229  236  241  247  256  266  274  275
     2.5-180.0 180.0   5.0 450.0                            LAT/LON1/LON2/DLON/H
  293  291  286  281  275  272  272  275  281  286  291  298  309  321  332  339
  339  328  305  266  217  167  126  101   89   84   81   77   73   68   65   61
   58   56   53   49   45   41   39   41   43   43   41   39   37   34   29   23
   18   16   16   15   16   25   44   70   97  122  145  167  188  203  212  216
  220  226  232  238  247  260  275  287  293
